0.05	-13.6784	108.1508
0.05	-13.7129	113.2217
0.05	-13.7468	118.2131
0.05	-13.7802	123.1249
0.05	-13.8131	127.9571
0.05	-13.8454	132.7099
0.05	-13.8772	137.383
0.05	-13.9084	141.9767
0.05	-13.9391	146.4908
0.05	-13.9693	150.9253
0.05	-13.9989	155.2803
0.05	-14.028	159.5558
0.05	-14.0565	163.7517
0.05	-14.0845	167.868
0.05	-14.112	171.9049
0.05	-14.1389	175.8622
0.05	-14.1652	179.7399
0.05	-14.1911	183.5381
0.05	-14.2163	187.2567
0.05	-14.2411	190.8959
0.05	-14.2653	194.4554
0.05	-14.289	197.9354
0.05	-14.3121	201.3359
0.05	-14.3347	204.6569
0.05	-14.3567	207.8983
0.05	-14.3782	211.0601
0.05	-14.3992	214.1424
0.05	-14.4196	217.1452
3.542905	-13.2185	108.1576
3.552782	-13.2516	113.2352
3.562505	-13.2842	118.2332
3.572076	-13.3163	123.1516
3.581485	-13.3479	127.9902
3.590746	-13.3789	132.7493
3.599846	-13.4095	137.4287
3.608795	-13.4395	142.0284
3.617588	-13.469	146.5485
3.626226	-13.4979	150.989
3.634709	-13.5264	155.3497
3.643037	-13.5543	159.6309
3.651212	-13.5817	163.8324
3.65923	-13.6086	167.9542
3.667093	-13.635	171.9964
3.674801	-13.6608	175.959
3.682354	-13.6862	179.8419
3.689753	-13.711	183.6451
3.696999	-13.7353	187.3687
3.704086	-13.759	191.0127
3.711021	-13.7823	194.577
3.717799	-13.805	198.0616
3.724423	-13.8272	201.4666
3.730892	-13.8489	204.792
3.737206	-13.8701	208.0377
3.743366	-13.8908	211.2038
3.749369	-13.9109	214.2902
3.755219	-13.9305	217.2969
6.843486	-11.8511	108.1765
6.8617	-11.8806	113.2728
6.879633	-11.9096	118.2891
6.897274	-11.9381	123.2255
6.914634	-11.9662	128.0819
6.931705	-11.9938	132.8584
6.948494	-12.021	137.5549
6.964994	-12.0476	142.1715
6.981211	-12.0739	146.7082
6.99714	-12.0996	151.1649
7.012783	-12.1249	155.5417
7.028142	-12.1498	159.8386
7.043214	-12.1742	164.0555
7.058002	-12.1981	168.1925
7.072502	-12.2215	172.2495
7.086716	-12.2446	176.2266
7.100646	-12.2671	180.1237
7.114292	-12.2892	183.9409
7.127649	-12.3108	187.6782
7.140722	-12.332	191.3355
7.153508	-12.3526	194.9128
7.166009	-12.3729	198.4103
7.178224	-12.3926	201.8278
7.190153	-12.4119	205.1653
7.201797	-12.4307	208.4229
7.213155	-12.4491	211.6006
7.224228	-12.467	214.6983
7.235014	-12.4845	217.7161
9.677112	-9.67687	108.2024
9.701849	-9.70137	113.3241
9.726199	-9.72548	118.3655
9.75016	-9.74921	123.3266
9.773734	-9.77256	128.2073
9.796919	-9.79552	133.0077
9.819717	-9.8181	137.7277
9.842127	-9.84029	142.3674
9.864147	-9.86211	146.9267
9.885781	-9.88352	151.4057
9.907026	-9.90457	155.8044
9.927883	-9.92523	160.1227
9.948353	-9.9455	164.3607
9.968437	-9.96535	168.5184
9.988128	-9.98485	172.5957
10.00743	-10.004	176.5926
10.02635	-10.0227	180.5092
10.04488	-10.041	184.3455
10.06302	-10.059	188.1015
10.08077	-10.0766	191.7771
10.09814	-10.0938	195.3723
10.11512	-10.1106	198.8872
10.13171	-10.127	202.3218
10.14791	-10.1432	205.6761
10.16372	-10.1588	208.95
10.17914	-10.1741	212.1435
10.19418	-10.189	215.2567
10.20883	-10.2035	218.2896
11.85158	-6.84345	108.2288
11.88147	-6.86164	113.3766
11.91089	-6.87954	118.4436
11.93984	-6.89716	123.4299
11.96832	-6.91449	128.3354
11.99633	-6.93154	133.1602
12.02387	-6.9483	137.9042
12.05094	-6.96477	142.5675
12.07755	-6.98096	147.1501
12.10369	-6.99686	151.6518
12.12935	-7.01248	156.0729
12.15456	-7.02782	160.4132
12.17929	-7.04287	164.6727
12.20355	-7.05763	168.8515
12.22735	-7.07211	172.9495
12.25067	-7.0863	176.9668
12.27353	-7.10021	180.9033
12.29591	-7.11382	184.7591
12.31783	-7.12716	188.5341
12.33928	-7.14021	192.2284
12.36026	-7.15298	195.842
12.38077	-7.16546	199.3748
12.40081	-7.17766	202.8268
12.42038	-7.18957	206.1981
12.43949	-7.2012	209.4886
12.45812	-7.21254	212.6984
12.47629	-7.22359	215.8275
12.49399	-7.23436	218.8758
0.05	13.67838	108.1508
0.05	13.71285	113.2217
0.05	13.74679	118.2131
0.05	13.78018	123.1249
0.05	13.81303	127.9571
0.05	13.84532	132.7099
0.05	13.87708	137.383
0.05	13.90831	141.9767
0.05	13.939	146.4908
0.05	13.96913	150.9253
0.05	13.99874	155.2803
0.05	14.02781	159.5558
0.05	14.05633	163.7517
0.05	14.0843	167.868
0.05	14.11175	171.9049
0.05	14.13864	175.8622
0.05	14.165	179.7399
0.05	14.19083	183.5381
0.05	14.21609	187.2567
0.05	14.24084	190.8959
0.05	14.26503	194.4554
0.05	14.28869	197.9354
0.05	14.3118	201.3359
0.05	14.33437	204.6569
0.05	14.3564	207.8983
0.05	14.3779	211.0601
0.05	14.39886	214.1424
0.05	14.41923	217.1468
3.542713	13.21771	108.1579
3.552389	13.25005	113.2359
3.561921	13.2819	118.2343
3.571301	13.31323	123.153
3.580533	13.34405	127.992
3.58961	13.37436	132.7514
3.598528	13.40418	137.4311
3.6073	13.43348	142.0311
3.615921	13.46227	146.5515
3.624389	13.49056	150.9923
3.632705	13.51833	155.3534
3.640869	13.54561	159.6348
3.648883	13.57238	163.8366
3.656747	13.59863	167.9588
3.664453	13.62438	172.0012
3.672014	13.64962	175.9641
3.679414	13.67436	179.8472
3.686667	13.69859	183.6508
3.69377	13.72231	187.3746
3.700719	13.74552	191.0188
3.70752	13.76822	194.5834
3.714166	13.79042	198.0683
3.720656	13.81212	201.4735
3.727002	13.8333	204.7991
3.733191	13.85397	208.045
3.739226	13.87414	211.2113
3.745113	13.8938	214.2979
3.75082	13.91297	217.3056
6.843303	11.85056	108.1766
6.861338	11.87944	113.273
6.87909	11.90787	118.2895
6.89656	11.93585	123.226
6.913748	11.96337	128.0825
6.93065	11.99044	132.8592
6.947272	12.01706	137.5558
6.963609	12.04322	142.1726
6.979664	12.06894	146.7094
6.995436	12.09419	151.1662
7.010926	12.119	155.5431
7.026133	12.14335	159.8401
7.041056	12.16726	164.0571
7.055696	12.19071	168.1942
7.070053	12.2137	172.2513
7.084128	12.23624	176.2285
7.09792	12.25833	180.1257
7.111428	12.27996	183.943
7.124655	12.30114	187.6804
7.137598	12.32187	191.3378
7.150258	12.34214	194.9153
7.162635	12.36196	198.4128
7.174729	12.38133	201.8304
7.186541	12.40025	205.168
7.19807	12.41871	208.4257
7.209315	12.43672	211.6034
7.220278	12.45428	214.7012
7.230946	12.47139	217.7192
9.676875	9.676366	108.2025
9.701378	9.700372	113.3243
9.725501	9.723997	118.3658
9.749237	9.747247	123.3269
9.772589	9.770122	128.2077
9.795556	9.792619	133.0082
9.818139	9.81474	137.7283
9.840339	9.836484	142.3681
9.862153	9.857853	146.9275
9.883582	9.878844	151.4066
9.904628	9.899458	155.8054
9.925289	9.919696	160.1238
9.945566	9.939559	164.3619
9.965459	9.959044	168.5196
9.984967	9.978157	172.597
10.00408	9.996889	176.594
10.02283	10.01524	180.5107
10.04118	10.03322	184.347
10.05916	10.05082	188.1031
10.07674	10.06805	191.7787
10.09394	10.0849	195.3741
10.11076	10.10137	198.889
10.12719	10.11746	202.3237
10.14324	10.13318	205.678
10.15891	10.14853	208.9519
10.17418	10.1635	212.1455
10.18908	10.17809	215.2588
10.20364	10.19227	218.2919
11.85079	6.842715	108.2287
11.87991	6.860166	113.3764
11.90855	6.877354	118.4433
11.93676	6.894263	123.4294
11.9645	6.910898	128.3348
11.99178	6.927259	133.1595
12.01862	6.943346	137.9034
12.04498	6.95916	142.5666
12.0709	6.9747	147.149
12.09635	6.989966	151.6507
12.12135	7.004958	156.0716
12.14591	7.019676	160.4118
12.16999	7.03412	164.6712
12.19362	7.048291	168.8499
12.21679	7.062188	172.9478
12.23952	7.075811	176.965
12.26178	7.08916	180.9014
12.28358	7.102236	184.7571
12.30493	7.115037	188.5321
12.32582	7.127565	192.2263
12.34625	7.139818	195.8397
12.36624	7.151798	199.3724
12.38576	7.163505	202.8244
12.40482	7.174937	206.1956
12.42343	7.186095	209.486
12.44158	7.19698	212.6957
12.45928	7.207591	215.8247
12.47641	7.218086	218.8733
13.21891	3.542689	108.2485
13.25244	3.552358	113.4156
13.28544	3.561873	118.5017
13.31791	3.571237	123.5067
13.34987	3.580449	128.4307
13.38129	3.589509	133.2737
13.41219	3.598418	138.0355
13.44256	3.607175	142.7163
13.4724	3.615782	147.3161
13.50172	3.624235	151.8348
13.53052	3.632538	156.2725
13.55879	3.640689	160.6291
13.58653	3.648688	164.9046
13.61374	3.656536	169.0991
13.64043	3.664231	173.2126
13.6666	3.671776	177.245
13.69223	3.679169	181.1963
13.71734	3.68641	185.0666
13.74194	3.693499	188.8559
13.766	3.700438	192.564
13.78953	3.707224	196.1912
13.81254	3.713858	199.7372
13.83502	3.720342	203.2023
13.85698	3.726673	206.5862
13.87841	3.732853	209.8891
13.89931	3.738881	213.111
13.91969	3.744757	216.2518
13.93954	3.750498	219.3117
79.95	-99.95	240.05
79.95	-90	240.05
79.95	-80	240.05
79.95	-70	240.05
79.95	-60	240.05
79.95	-50	240.05
79.95	-40	240.05
79.95	-30	240.05
79.95	-20	240.05
79.95	-10	240.05
79.95	0	240.05
79.95	10	240.05
79.95	20	240.05
79.95	30	240.05
79.95	40	240.05
79.95	50	240.05
79.95	60	240.05
79.95	70	240.05
79.95	80	240.05
79.95	90	240.05
79.95	99.95	240.05
71.95681	-99.95	240.05
64.58389	-99.95	240.05
57.88123	-99.95	240.05
51.84884	-99.95	240.05
71.95681	99.95	240.05
64.58389	99.95	240.05
57.88123	99.95	240.05
51.84884	99.95	240.05
71.95681	-90	240.05
64.58389	-90	240.05
57.88123	-90	240.05
51.84884	-90	240.05
71.95681	-80	240.05
64.58389	-80	240.05
57.88123	-80	240.05
51.84884	-80	240.05
71.95681	-70	240.05
64.58389	-70	240.05
57.88123	-70	240.05
51.84884	-70	240.05
71.95681	-60	240.05
64.58389	-60	240.05
57.88123	-60	240.05
51.84884	-60	240.05
71.95681	-50	240.05
64.58389	-50	240.05
57.88123	-50	240.05
51.84884	-50	240.05
71.95681	-40	240.05
64.58389	-40	240.05
57.88123	-40	240.05
51.84884	-40	240.05
71.95681	-30	240.05
64.58389	-30	240.05
57.88123	-30	240.05
51.84884	-30	240.05
71.95681	-20	240.05
64.58389	-20	240.05
57.88123	-20	240.05
51.84884	-20	240.05
71.95681	-10	240.05
64.58389	-10	240.05
57.88123	-10	240.05
51.84884	-10	240.05
71.95681	3.41E-15	240.05
64.58389	6.54E-15	240.05
57.88123	9.38E-15	240.05
51.84884	1.19E-14	240.05
71.95681	10	240.05
64.58389	10	240.05
57.88123	10	240.05
51.84884	10	240.05
71.95681	20	240.05
64.58389	20	240.05
57.88123	20	240.05
51.84884	20	240.05
71.95681	30	240.05
64.58389	30	240.05
57.88123	30	240.05
51.84884	30	240.05
71.95681	40	240.05
64.58389	40	240.05
57.88123	40	240.05
51.84884	40	240.05
71.95681	50	240.05
64.58389	50	240.05
57.88123	50	240.05
51.84884	50	240.05
71.95681	60	240.05
64.58389	60	240.05
57.88123	60	240.05
51.84884	60	240.05
71.95681	70	240.05
64.58389	70	240.05
57.88123	70	240.05
51.84884	70	240.05
71.95681	80	240.05
64.58389	80	240.05
57.88123	80	240.05
51.84884	80	240.05
71.95681	90	240.05
64.58389	90	240.05
57.88123	90	240.05
51.84884	90	240.05
46.4807	-99.95	240.05
46.4807	-90	240.05
46.4807	-80	240.05
46.4807	-70	240.05
46.4807	-60	240.05
46.4807	-50	240.05
46.4807	-40	240.05
46.4807	-30	240.05
46.4807	-20	240.05
46.4807	-10	240.05
46.4807	1.42E-14	240.05
46.4807	10	240.05
46.4807	20	240.05
46.4807	30	240.05
46.4807	40	240.05
46.4807	50	240.05
46.4807	60	240.05
46.4807	70	240.05
46.4807	80	240.05
46.4807	90	240.05
46.4807	99.95	240.05
38.64065	-7.71121	237.1038
33.6625	-7.16479	235.2192
38.03389	-15.2051	236.8516
32.70916	-14.1379	234.9025
37.30022	-21.7412	236.5555
37.0285	-27.5187	236.4482
31.87807	-20.8439	234.637
37.10535	-34.0727	236.4784
31.34462	-27.4444	234.4715
30.91647	-34.2013	234.3415
36.73155	-41.6016	236.3324
24.67959	-33.977	232.7067
35.94809	-49.6034	236.034
30.24665	-41.1851	234.143
18.38475	-33.9434	231.4937
24.02995	-40.5883	232.5623
34.31983	-58.9378	235.4454
28.94904	-48.3238	233.7748
23.05615	-46.5773	232.3544
18.01925	-40.2472	231.4355
12.13995	-34.2197	230.6707
35.95556	-68.0661	236.0368
26.35411	-55.6959	233.1004
17.93403	-45.8706	231.4221
19.90485	-51.532	231.7498
12.01985	-40.2095	230.6585
6.018673	-34.4862	230.2014
27.52956	-62.8458	233.3959
36.52792	-76.1397	236.2539
12.29698	-46.0128	230.6871
5.990958	-40.1455	230.2
19.98389	-57.8753	231.7637
28.8257	-69.6811	233.7408
12.93549	-51.9217	230.7558
6.142961	-45.874	230.2078
36.87483	-84.1111	236.3881
20.99033	-64.0331	231.9466
13.55287	-58.0894	230.8257
29.59371	-77.2041	233.955
6.439788	-51.791	230.2233
21.80168	-70.8429	232.1015
37.25685	-92.0614	236.5383
14.10171	-64.5239	230.8908
30.1637	-84.7985	234.1188
6.761423	-57.964	230.2412
22.47322	-77.9637	232.2349
14.63925	-71.2512	230.957
7.066445	-64.4213	230.2589
30.81025	-92.4024	234.3096
23.09102	-85.2645	232.3618
15.13643	-78.244	231.0208
7.344275	-71.1259	230.2757
23.82556	-92.6245	232.5178
15.65247	-85.4108	231.0893
7.616626	-78.0806	230.2928
16.30305	-92.6811	231.1792
7.913561	-85.24	230.3122
8.304751	-92.5667	230.3389
8.973505	-99.95	230.3877
17.28618	-99.95	231.3224
24.89117	-99.95	232.7549
31.77043	-99.95	234.6035
37.89146	-99.95	236.7935
43.24003	-99.95	239.2576
43.24004	-91.6668	239.2576
43.24011	-83.3333	239.2576
43.24018	-75	239.2576
43.24029	-66.6667	239.2576
43.24029	-58.3333	239.2576
43.24029	-49.9999	239.2576
43.24014	-41.6667	239.2576
43.24007	-33.3333	239.2576
43.24006	-24.9999	239.2576
43.23992	-16.6666	239.2575
43.23977	-8.33323	239.2575
0.05	-29.3463	230.0509
0.05	-34.4585	230.0513
0.05	-39.8329	230.0513
0.05	-45.4694	230.0513
0.05	-51.3682	230.0514
0.05	-57.5291	230.0514
0.05	-63.9522	230.0515
0.05	-70.6374	230.0515
0.05	-77.5848	230.0516
0.05	-84.7944	230.0517
0.05	-92.2661	230.0517
0.05	-99.95	230.0518
38.59311	93.62371	237.0838
33.61872	93.76666	235.2044
38.43859	87.36648	237.019
33.42636	87.52702	235.1395
28.19025	93.79338	233.5692
38.2069	81.02539	236.9228
28.20319	87.48723	233.5726
22.43463	93.67437	232.2271
37.47668	74.8367	236.6258
33.38157	81.36145	235.1245
22.78722	87.1571	232.2989
28.51315	81.25183	233.6558
37.39164	68.74765	236.5919
16.59011	93.49327	231.2202
31.11473	75.22732	234.4014
23.42724	80.59833	232.4325
37.46845	62.56034	236.6225
17.22867	86.83703	231.314
10.84779	93.27334	230.5446
31.35073	68.82679	234.4734
24.63388	74.33913	232.6963
37.3915	56.35745	236.5918
17.81649	80.21143	231.4037
11.52975	86.5507	230.6094
5.354271	92.99166	230.1698
31.57359	62.6715	234.5421
25.11939	68.32201	232.807
37.28933	50.25643	236.5511
18.48162	73.72132	231.5094
11.97476	79.922	230.6539
31.45122	56.51479	234.5043
5.767167	86.25667	230.189
25.58159	62.73589	232.9148
37.75525	44.11003	236.738
18.89406	67.29144	231.5769
12.36713	73.41123	230.6944
30.72837	50.10423	234.2851
6.014854	79.64969	230.2013
25.45181	57.4095	232.8843
37.71112	37.94673	236.7202
32.40284	43.87313	234.8035
12.66594	67.04816	230.7263
19.46126	60.61093	231.6726
6.208111	73.19419	230.2111
24.43138	52.36957	232.6509
37.34765	32.12535	236.5743
31.97265	37.80278	234.6667
27.00856	44.10287	233.2629
22.65264	47.52504	232.2713
6.340098	66.94231	230.218
12.80515	60.90607	230.7415
18.37365	54.35083	231.4919
36.84163	26.90814	236.3752
31.00526	31.81452	234.3683
26.33712	37.25941	233.0962
37.10928	22.03404	236.48
21.55954	42.28882	232.0546
6.363041	60.90495	230.2193
17.26701	48.65416	231.3197
12.32061	55.03937	230.6896
30.14032	26.1066	234.112
24.44291	30.60589	232.6535
37.96111	17.0989	236.8217
20.85167	36.52161	231.9208
16.44274	43.11725	231.199
11.64254	49.327	230.6205
6.165765	55.1096	230.2089
30.83426	20.79423	234.3168
18.45508	29.69069	231.505
38.56495	11.59158	237.0719
11.09573	43.87596	230.5677
5.863119	49.49043	230.1937
15.75871	37.49657	231.1037
32.36388	15.59391	234.791
38.88648	5.81173	237.2079
5.588242	44.09128	230.1805
10.6177	38.58583	230.5237
14.40062	32.00674	230.9272
33.76678	10.57586	235.2546
9.990842	33.57033	230.469
34.35676	5.27405	235.4582
5.341783	38.83495	230.1692
5.194695	33.63404	230.1627
43.23971	6.249939	239.2575
43.23979	12.49987	239.2575
43.23996	18.74977	239.2575
43.2401	24.99992	239.2576
43.24002	31.25	239.2576
43.24002	37.5	239.2576
43.24003	43.75	239.2576
43.24003	50	239.2576
43.23999	56.25	239.2575
43.24001	62.5	239.2576
43.24001	68.75	239.2576
43.23984	75	239.2575
43.2398	81.25	239.2575
43.2398	87.5	239.2575
43.23954	93.75	239.2574
43.23954	99.95	239.2574
39.6818	99.95	237.5527
34.8476	99.95	235.6312
28.86336	99.95	233.7513
22.16764	99.95	232.1733
15.37412	99.95	231.0517
9.138378	99.95	230.4004
3.939419	99.95	230.115
0.05	99.95	230.0511
0.05	92.85171	230.0511
0.05	85.92686	230.0512
0.05	79.22533	230.0513
0.05	72.74716	230.0513
0.05	66.49242	230.0513
0.05	60.46104	230.0513
0.05	54.65306	230.0513
0.05	49.0684	230.0512
0.05	43.70725	230.0511
0.05	38.56942	230.0511
0.05	33.65497	230.0511
0.05	28.96335	230.0515
34.55867	-2.94E-05	235.5291
39.74077	-1.03E-05	237.5788
43.23953	-1.53E-04	239.2574
13.21899	-3.54301	108.2485
13.68571	-1.75E-04	108.2561
13.25259	-3.553	113.4157
13.7209	-3.45E-04	113.4306
13.28566	-3.56283	118.5018
13.75553	-5.16E-04	118.524
13.3182	-3.5725	123.5069
13.78961	-6.83E-04	123.5363
13.35022	-3.58202	128.4309
13.82315	-8.46E-04	128.4674
13.38171	-3.59137	133.2738
13.85613	-1.00E-03	133.3173
13.41268	-3.60058	138.0358
13.88855	-1.16E-03	138.086
13.44311	-3.60963	142.7166
13.92043	-1.32E-03	142.7736
13.47302	-3.61852	147.3164
13.95175	-1.47E-03	147.3799
13.50242	-3.62724	151.8351
13.98251	-1.62E-03	151.9052
13.53127	-3.63582	156.2728
14.01273	-1.77E-03	156.3492
13.5596	-3.64424	160.6295
14.0424	-1.92E-03	160.7121
13.5874	-3.65251	164.905
14.07152	-2.06E-03	164.9938
13.61468	-3.66061	169.0996
14.10008	-2.20E-03	169.1944
13.64142	-3.66856	173.2131
14.12809	-2.34E-03	173.3137
13.66764	-3.67635	177.2455
14.15555	-2.47E-03	177.3519
13.69334	-3.68399	181.1968
14.18246	-2.61E-03	181.309
13.7185	-3.69147	185.0672
14.20881	-2.73E-03	185.1848
13.74314	-3.6988	188.8564
14.23462	-2.86E-03	188.9795
13.76726	-3.70596	192.5646
14.25987	-2.98E-03	192.693
13.79084	-3.71297	196.1918
14.28457	-3.10E-03	196.3254
13.8139	-3.71982	199.7379
14.30872	-3.22E-03	199.8766
13.83643	-3.72652	203.2029
14.33231	-3.34E-03	203.3466
13.85844	-3.73306	206.5869
14.35536	-3.45E-03	206.7354
13.87991	-3.73944	209.8898
14.37785	-3.56E-03	210.0431
13.90086	-3.74567	213.1117
14.39979	-3.67E-03	213.2696
13.92129	-3.75174	216.2526
14.42118	-3.77E-03	216.415
13.94119	-3.75765	219.3123
14.44202	-3.87E-03	219.4791
0.05	-14.4395	220.0751
3.759995	-13.95	220.2278
7.244748	-12.5019	220.6575
10.22239	-10.2184	221.2473
12.51071	-7.2458	221.847
13.96055	-3.76362	222.2948
14.46234	-3.07E-05	222.4656
13.9608	3.760413	222.2959
12.51497	7.23874	221.8491
10.22582	10.21263	221.2489
7.249182	12.49912	220.6582
3.184393	14.08961	220.1869
0.05	14.44045	220.0564
0.05	13.64372	103.05
3.532966	13.18517	103.05
6.82516	11.8215	103.05
9.652221	9.652221	103.05
11.8215	6.825148	103.05
13.18518	3.532963	103.05
13.65031	7.16E-06	103.05
13.18518	-3.53296	103.05
11.82151	-6.82516	103.05
9.652226	-9.65223	103.05
6.825161	-11.8215	103.05
3.532968	-13.1852	103.05
0.05	-13.6437	103.05
0.05	-15.656	224.7875
0.05	-16.3872	225.9408
0.05	-18.6028	228.143
0.05	-21.402	229.5574
0.05	-24.4883	230.0509
0.05	24.48768	230.0508
0.05	21.39856	229.5564
0.05	18.60386	228.1444
0.05	16.3856	225.9402
0.05	15.65705	224.7919
3.681414	24.16242	230.1065
7.247924	23.19755	230.2698
10.59131	21.63401	230.5214
13.61717	19.53213	230.8332
16.26433	16.9707	231.1736
18.48283	14.02739	231.5095
20.23199	10.78113	231.8077
21.49294	7.310218	232.0417
22.2558	3.690793	232.1911
22.51364	-2.15E-04	232.243
19.93878	6.66E-04	231.3389
17.69435	5.21E-04	229.7752
15.95932	-2.02E-04	227.6677
14.85395	-6.07E-04	225.1684
14.18595	14.93578	230.4214
12.3512	13.16872	228.8545
10.80804	11.97219	226.6479
10.58554	10.94682	225.0323
9.972908	15.40351	228.6779
7.001527	17.32682	228.5477
3.555686	18.06876	228.0931
9.210045	19.10515	229.9612
11.77276	17.22725	230.154
3.314225	20.97697	229.5633
6.396177	20.35286	229.7601
7.551538	13.47248	224.9366
7.649812	14.53044	226.5082
3.962314	15.09105	224.8317
3.842301	15.85275	225.9638
17.25424	3.540393	229.6097
16.43131	7.256312	229.6406
14.56217	10.50659	229.2182
19.00496	6.62528	231.1849
19.56602	3.437539	231.2329
16.24703	12.29555	230.706
17.90529	9.593941	231.0083
12.98166	7.575392	225.1294
14.65511	6.587192	227.4529
14.40642	3.758874	225.1482
15.50409	3.468925	227.444
13.10297	9.41281	227.1491
22.25625	-3.69151	232.1912
21.49456	-7.31104	232.0421
20.23173	-10.7828	231.8077
18.48016	-14.0287	231.509
16.26497	-16.9729	231.1737
13.61792	-19.5362	230.8332
10.58953	-21.6338	230.5212
7.247981	-23.1981	230.2697
3.682398	-24.1664	230.1066
10.56052	-10.9734	225.0289
11.31798	-11.4905	226.7487
12.6787	-12.9033	228.9383
14.18394	-14.9669	230.4262
8.989015	-13.6009	226.5518
6.347373	-15.1103	226.3024
3.344689	-16.0266	226.0123
7.439598	-13.552	224.9489
3.795267	-15.1386	224.8267
8.918883	-19.0473	229.8765
7.235192	-16.9452	228.3905
11.71161	-17.2487	230.1382
10.14472	-15.2124	228.654
3.09721	-21.2096	229.6176
6.086233	-20.4344	229.7331
3.771953	-18.315	228.308
15.64845	-3.14426	227.5848
14.80472	-6.16226	227.4501
13.33768	-8.96091	227.1193
14.3104	-4.16248	225.1615
12.79615	-7.90324	225.1055
18.80918	-6.80141	231.1052
16.45153	-6.69006	229.5109
19.57941	-3.47475	231.2413
17.32709	-3.35785	229.6521
16.23866	-12.5765	230.7534
17.77588	-9.84028	230.983
14.98692	-10.1375	229.4006
26.13407	1.510854	233.0468
30.11506	3.204135	234.1046
16.61556	22.60317	231.2238
19.14332	25.56145	231.6186
11.69799	28.51165	230.626
9.936646	25.25259	230.4644
15.69711	27.17542	231.0954
13.15469	24.18386	230.7802
6.786813	28.28809	230.2426
23.70858	13.57863	232.4926
27.34765	16.94892	233.349
22.16727	17.52185	232.1736
20.74602	21.78484	231.9013
23.28858	25.98392	232.4032
25.88484	21.58278	232.9868
25.86068	5.495041	232.981
25.00597	9.577316	232.7809
29.71055	7.757489	233.9882
28.70831	12.37493	233.7087
22.00044	-17.4888	232.1405
27.37706	-16.928	233.3566
29.12622	-9.34161	233.8238
24.70522	-10.2314	232.7124
27.63416	-13.0338	233.423
23.53978	-13.8752	232.4564
29.45667	-0.532552	233.9163
29.84057	-4.4201	234.0254
26.05605	-2.36297	233.0279
25.6475	-6.34766	232.9304
13.64498	-23.5093	230.8365
19.48993	-27.8118	231.6776
24.39752	-29.7004	232.6434
25.46691	-21.4157	232.8878
22.61423	-25.0888	232.2635
27.85237	-26.471	233.4799
19.80249	-20.8684	231.7318
17.55089	-23.9936	231.3627
7.634431	-26.8839	230.2939
8.286866	-30.6951	230.3377
15.00204	-26.7729	231.0033
10.96897	-25.269	230.5558
16.2543	-30.4998	231.1723
20.65712	-31.0968	231.8849
11.6956	-29.1504	230.6258
4.231457	-28.3991	230.1248
0.05	-14.7614	222.5063
0.05	14.76151	222.5061
8.210991	-12.1798	222.9094
5.476967	-13.6702	222.6747
2.189799	-14.5926	222.519
8.236847	12.15703	222.905
5.437499	13.68362	222.6582
2.120301	14.60058	222.512
