466	469	467
529	492	493
310	311	324
473	461	1381
780	781	778
601	368	367
312	311	317
1058	1019	1430
520	521	543
521	522	542
1328	1325	38
442	530	531
243	244	889
443	442	469
448	451	450
442	470	469
58	40	59
215	216	224
868	838	837
749	747	750
949	938	718
1117	1037	1344
951	952	964
49	1418	1417
495	509	512
307	316	1392
2	213	1
925	926	985
217	222	218
867	839	838
786	787	775
603	488	327
1008	1309	1072
4	222	215
461	468	460
373	371	372
148	147	1198
1416	1417	1095
919	915	921
353	352	357
825	824	852
305	306	354
878	888	882
1256	1242	1100
1339	1351	1340
209	230	226
210	235	211
816	934	817
293	295	292
867	868	864
758	753	756
509	495	496
517	515	509
391	392	408
250	997	995
303	302	322
444	456	454
344	342	343
508	512	509
311	323	324
1323	1321	263
492	529	524
736	735	771
371	373	375
376	237	238
445	446	465
444	438	456
211	212	751
531	441	442
646	667	664
441	531	493
222	220	218
1305	1097	1336
456	438	437
494	490	502
1371	453	1370
444	439	438
921	903	904
512	508	510
1372	452	1371
302	301	318
574	585	575
297	308	321
567	636	632
454	455	458
867	864	863
862	865	863
358	354	356
1369	357	359
605	606	607
46	53	52
463	460	459
314	309	308
588	587	586
466	297	298
319	310	324
1008	1097	1305
320	321	318
530	443	522
308	309	321
332	345	331
1382	473	1381
529	528	523
303	304	348
610	636	611
1059	1040	1428
297	315	308
439	511	510
315	314	308
319	309	310
914	916	917
538	302	540
881	836	918
921	915	903
599	566	597
301	300	320
471	473	1382
304	303	322
491	492	524
443	299	522
322	302	318
861	870	872
522	300	542
1379	1380	464
1207	1040	1184
797	792	791
253	980	971
532	534	533
1315	259	1306
298	321	320
865	840	839
1407	1408	1034
1087	1359	1358
834	896	894
744	742	739
1396	358	1395
318	301	320
921	918	919
871	553	552
896	880	897
437	508	515
515	508	509
839	914	838
1278	1277	1135
281	1314	1312
1085	1334	1144
599	594	595
593	597	598
742	744	726
957	952	951
323	311	312
306	305	312
34	696	698
508	437	438
322	319	324
323	322	324
300	299	320
1311	290	279
272	270	273
737	736	768
533	520	543
913	910	911
573	588	574
304	305	351
60	31	19
233	234	235
227	233	226
252	287	253
273	260	261
769	1	208
568	634	484
1383	471	1382
934	816	967
506	497	499
208	231	230
685	692	687
290	289	288
791	795	793
234	212	235
629	626	627
230	227	226
40	51	52
732	757	758
847	859	860
583	548	549
762	5	4
482	635	626
946	934	933
225	2	224
1319	272	1320
235	210	226
726	744	725
461	473	468
846	860	854
378	379	377
584	363	362
697	698	696
210	211	749
330	541	331
905	904	911
1011	1326	1007
946	935	936
746	738	736
940	931	925
764	765	767
444	454	445
714	716	794
1054	1298	1299
838	868	867
275	271	1317
837	836	841
577	574	575
881	835	836
298	299	443
459	468	470
305	323	312
788	726	725
548	916	840
914	919	838
241	913	240
671	670	669
549	550	562
639	678	638
299	298	320
850	846	845
472	1384	296
866	862	861
918	837	919
865	867	863
319	322	318
485	568	484
491	513	492
768	736	771
1364	1357	347
836	850	841
850	836	835
720	719	942
323	304	322
513	491	494
298	297	321
590	584	362
359	358	1396
469	298	443
351	305	354
980	253	254
451	437	436
792	775	774
915	919	914
469	468	467
845	846	854
645	664	671
902	908	903
530	442	443
441	459	470
807	873	844
416	412	404
236	1324	264
915	914	917
632	634	568
347	342	334
641	669	662
720	733	798
342	333	334
521	530	522
305	304	323
867	865	839
376	374	236
746	747	739
771	755	761
1360	1120	1012
747	740	739
624	551	625
871	803	553
720	721	733
478	480	479
800	730	729
531	529	493
649	648	745
380	381	383
18	56	57
769	770	1
977	979	981
766	754	753
295	257	292
736	738	735
734	743	728
4	215	3
1310	290	1311
564	621	565
468	469	470
37	35	36
321	319	318
364	369	363
741	745	740
451	448	447
843	855	844
3	2	770
462	460	463
540	302	303
1126	1329	1127
881	920	880
835	881	896
918	921	920
920	881	918
876	870	862
876	862	863
843	844	875
868	837	841
836	837	918
896	897	894
620	563	618
722	989	723
570	571	573
507	506	500
302	538	301
473	467	468
1362	1365	350
607	606	596
468	459	460
250	249	283
419	422	418
267	269	266
618	619	623
289	292	288
208	737	768
740	744	739
335	330	331
317	1390	316
1399	1013	1400
765	764	763
797	801	802
231	213	229
1329	233	1327
231	229	228
982	981	257
303	348	333
934	946	945
698	697	700
1199	1190	1046
222	5	220
10	11	29
358	355	354
999	1004	928
630	560	561
730	800	731
29	1345	10
1020	1395	1394
5	222	4
754	759	756
26	23	34
683	700	684
942	941	922
936	937	944
993	1006	992
257	256	292
727	742	726
756	731	758
216	223	224
743	742	727
737	208	209
244	887	889
425	429	431
537	487	518
355	359	357
1301	381	1302
760	762	4
772	760	770
422	1411	1410
731	801	732
837	838	919
1378	465	1377
664	670	671
1431	1337	1026
392	409	408
274	246	270
1329	1327	1127
858	811	810
733	721	757
801	796	732
397	421	402
798	796	799
699	700	701
233	235	226
431	418	426
35	26	34
776	786	775
730	759	734
768	771	772
749	211	751
840	916	839
943	950	948
513	510	511
210	209	226
1343	1345	1346
770	2	1
223	225	224
222	217	215
217	216	215
233	227	1327
1164	1245	93
701	683	682
752	758	757
8	294	9
257	981	256
966	823	824
748	749	751
701	700	683
761	755	754
971	975	972
340	336	339
58	13	57
700	697	684
208	230	209
22	31	32
473	471	467
35	698	699
1024	1307	1313
216	217	1332
920	905	880
292	289	293
801	800	802
321	309	319
756	730	731
1006	1003	1004
758	731	732
341	344	345
441	470	442
730	756	759
765	763	766
897	895	894
761	754	766
795	791	792
868	841	842
748	747	749
757	732	733
1276	1275	1133
729	730	734
235	212	211
698	35	34
772	761	760
363	584	586
231	228	230
294	295	293
743	735	738
760	3	770
760	4	3
759	755	735
786	785	787
938	937	942
905	879	880
959	962	954
215	224	3
758	752	753
762	763	5
752	723	767
1069	1398	1400
947	948	949
1	231	208
213	231	1
224	2	3
786	729	728
769	772	770
210	749	750
769	768	772
987	922	923
729	734	728
945	944	943
922	941	923
946	936	944
684	685	687
673	661	660
750	737	209
439	510	438
938	942	719
944	950	943
768	769	208
799	790	718
737	750	746
762	761	766
761	762	760
1144	1334	1332
937	941	942
735	755	771
753	754	756
796	733	732
651	701	682
800	801	731
765	753	767
766	753	765
738	746	739
422	1410	1409
359	1397	1398
949	950	938
932	933	954
753	752	767
755	759	754
787	777	774
688	693	655
923	939	924
988	923	924
796	797	799
306	307	356
274	271	275
783	727	726
750	747	746
735	743	734
759	735	734
733	796	798
727	783	785
943	818	945
988	924	983
989	722	987
933	934	967
686	694	692
937	950	944
742	738	739
941	939	923
42	54	55
763	762	766
948	819	943
210	750	209
772	771	761
528	531	530
745	744	740
940	939	935
738	742	743
785	784	787
729	786	776
950	937	938
989	987	988
946	944	945
624	562	550
792	797	802
948	950	949
394	405	409
775	800	776
737	746	736
414	412	413
783	789	784
785	728	727
728	743	727
884	886	891
933	969	954
958	956	955
783	784	785
728	785	786
800	775	802
712	793	795
621	611	565
933	935	946
776	800	729
797	796	801
969	933	967
519	520	536
823	859	848
270	272	271
1091	1233	1090
1101	1083	1243
1243	1083	1225
340	338	337
1223	1222	1080
868	842	864
558	631	608
1064	198	1157
1177	1033	1253
276	258	277
1309	1008	1305
1047	1123	1265
1348	27	24
566	599	565
457	1374	1375
25	1354	24
30	60	19
1001	929	930
939	941	936
841	850	845
350	349	353
1199	114	1190
8	9	221
704	702	703
1295	1079	1299
552	625	551
644	645	671
1118	1105	1322
1329	1328	233
1245	1264	92
410	1402	411
1241	138	1168
266	242	241
1024	1099	1241
17	1426	18
824	848	852
1127	1284	1269
572	365	587
887	244	245
1051	1195	1235
429	424	430
1241	137	138
1061	1049	1414
1146	1289	1288
1107	1382	1381
1031	1107	1249
1175	1031	1249
1185	1032	1176
1118	1261	1260
1109	1251	1108
406	415	407
117	116	1188
1063	1207	1266
1054	1198	1053
80	1175	79
1041	1032	1185
76	1267	75
97	96	1272
1247	129	1246
145	124	1281
286	278	287
1413	1414	1083
1018	1366	1363
1044	1088	1421
116	115	1230
576	546	547
1124	1266	1123
274	247	246
1140	1100	1282
1056	1068	1380
590	361	589
409	406	408
917	902	915
547	582	576
1220	1198	1054
1078	1220	1054
1121	1016	1263
329	340	337
912	241	242
2	225	213
1287	1145	1096
505	507	478
900	827	898
1241	1099	1275
1110	1252	1276
1030	1174	1029
615	613	617
1274	1192	1048
1194	118	1279
506	498	497
1092	1039	1234
929	960	956
1011	1155	1285
1075	1026	1217
1205	1061	1236
917	916	547
1110	1276	1134
1277	1274	1132
1073	1092	1234
1215	1073	1234
1029	1391	1390
1037	1181	1036
249	995	996
264	265	236
1032	1385	1021
1412	1052	1411
1095	1237	1094
1237	111	1236
1117	1346	1048
1077	1046	1219
1184	123	1207
1187	1043	1211
830	892	831
1408	1090	1034
464	460	462
686	64	694
1167	1014	1158
1023	1014	1167
1258	1116	1283
1275	137	1241
1086	1229	1228
1186	161	1153
161	162	1153
166	167	1160
679	680	681
1230	1199	1055
1088	1230	1055
1283	184	1258
1208	198	1179
400	399	657
1206	1221	1062
1069	1212	1211
1023	1167	1206
610	622	609
180	181	1254
1316	261	268
677	676	659
968	967	815
1017	1161	1016
374	376	375
1275	136	137
1000	991	992
672	674	397
1190	113	1219
38	1325	25
1095	1094	1416
1264	1245	1103
1106	1272	1130
1336	1335	219
1009	1042	1186
1153	1009	1186
279	291	278
1188	116	1230
1148	1397	1149
1185	1182	1038
1114	1104	1256
181	182	1253
1154	1151	1007
1144	1287	1286
1010	1154	1007
1154	1010	1227
873	876	875
1034	1090	1232
195	1203	1204
1291	194	1290
1060	1204	1059
1076	1218	1267
1076	1125	1378
1076	1267	1125
1049	1193	1225
667	663	664
54	44	53
1116	1141	1283
1283	1033	1177
1141	1033	1283
1217	1216	1074
1256	1104	1246
1367	353	357
1266	1265	1123
330	335	340
662	681	680
1075	1217	1074
1011	1007	1155
1155	1007	1151
1255	1113	1282
664	663	670
1368	1022	1084
1082	1034	1224
887	893	891
635	482	483
1255	1252	1110
368	603	327
1113	1255	1110
107	106	1243
1020	1164	1273
153	1220	1221
1020	1273	1131
610	609	637
89	1174	88
90	1173	89
578	562	563
147	1197	1198
1008	1152	1239
1214	1152	1008
1008	1239	1097
1072	1214	1008
1009	1153	1166
1009	1166	1022
1134	1276	1133
1250	1169	1025
1146	1375	1147
1108	1250	1025
1250	1251	197
1254	181	1253
363	378	362
106	105	1196
1285	1284	1142
65	42	66
155	156	1222
182	183	1177
1038	1182	1213
350	333	349
1335	1332	218
1376	458	1375
1011	1285	1143
1026	1150	1292
1170	1026	1292
1043	1069	1211
1020	1103	1245
1164	1020	1245
1273	1291	1131
1371	1108	1372
1043	1187	1042
1033	1355	1111
179	180	1209
1010	1085	1227
79	1249	78
500	506	499
571	588	573
247	274	277
1023	1206	1062
1204	1203	1059
1084	1022	1226
882	888	883
1230	1044	1188
1369	1367	357
93	1245	92
1031	1382	1107
49	1419	1418
1118	1260	1105
1105	1260	1247
1040	1059	1203
1184	1040	1203
1088	1044	1230
1135	1277	1132
861	551	550
1211	200	201
1120	1263	1262
1265	120	1191
1172	104	1233
1099	1312	1133
242	266	269
1018	1084	1226
1162	1018	1226
1018	1162	1017
1012	1156	1229
1061	1094	1236
650	689	649
1012	1229	1087
1087	1229	1086
1047	1191	1194
552	553	614
1035	1179	1212
688	654	691
1113	1140	1282
345	332	341
1373	1374	457
988	987	923
1127	1269	1126
64	401	694
278	291	254
1060	1019	1204
1204	1019	1163
1205	1193	1049
241	240	262
1289	1147	1128
1147	1289	1146
1255	133	134
1270	1289	1128
1215	1214	1072
1098	1076	1377
1076	1098	1240
665	659	663
1372	1108	1025
1218	1076	1240
311	313	317
1021	1027	1171
1036	1180	1292
1036	1292	1150
1282	132	133
619	625	614
806	874	873
1021	1384	1027
741	649	745
1143	1285	1142
1067	1126	1268
1014	1080	1222
1158	1014	1222
1102	1029	1244
1244	1029	1173
690	689	682
1231	98	1248
1384	472	1383
1013	1148	1290
1157	1013	1290
1148	1291	1290
1013	1157	1208
1277	187	1274
1221	1079	1062
436	434	451
1176	1021	1165
1032	1021	1176
747	748	741
1390	1389	1015
1174	1015	1159
1030	1015	1174
1122	1264	1103
1191	1047	1265
1056	1379	1125
198	1208	1157
1272	1271	1129
672	397	396
1278	186	1277
1136	1278	1135
455	448	449
1229	171	1228
382	1301	370
1248	97	1272
1291	95	194
1063	1040	1207
1223	1081	1228
1081	1223	1080
1207	122	1266
1219	1046	1190
1105	1247	1104
1227	1286	152
1107	1068	1249
880	896	881
326	328	337
1031	1175	1201
1202	1163	1019
1058	1202	1019
1287	151	1286
1145	1287	1144
547	546	917
1263	1016	1160
1070	1212	1069
1200	1267	76
1280	1195	1051
1195	125	1235
1138	1280	1051
823	966	965
1237	1077	1219
517	496	497
1106	1248	1272
1025	1169	1270
228	1331	1330
1025	1270	1128
1183	1024	1168
1039	1024	1183
775	792	802
1282	1100	1242
177	178	1269
471	466	467
232	38	37
86	1182	85
773	792	774
633	634	632
1308	1309	293
1015	1389	1071
1015	1071	1213
672	673	674
1159	1015	1213
160	153	1221
1238	1287	1096
1117	1048	1259
1012	1120	1262
1156	1012	1262
1079	1221	1078
78	1210	77
155	1228	172
1081	1086	1228
1316	1105	1104
1132	1274	1048
1198	1197	1053
1168	1024	1241
1023	1062	1301
1013	1208	1066
663	659	660
1175	1249	79
361	362	371
523	519	526
1161	1160	1016
1240	1288	73
1281	1280	1138
1085	1144	1286
846	849	847
312	317	316
310	314	313
507	481	480
1146	1288	1098
1098	1288	1240
1217	204	1216
1162	1161	1017
1035	1066	1208
1226	1022	1166
1102	1244	1264
390	411	1401
1102	1264	1122
1237	1236	1094
681	662	661
1251	1250	1108
1111	1254	1253
1065	195	1204
1165	1021	1171
1096	1239	1238
449	448	452
1291	1149	1131
373	374	375
1067	1209	1254
1097	1239	1096
99	98	1231
1209	1067	1268
1067	1254	1112
1112	1254	1111
1007	1333	1010
842	843	864
1257	1231	1089
1115	1089	1405
886	884	883
1115	1257	1089
1125	1379	1378
1041	1185	1038
1027	1383	1057
795	773	711
1224	1034	1178
1225	107	1243
1071	1388	1038
1256	130	131
1056	1125	1267
146	1189	1197
441	463	459
789	788	646
1197	1189	1045
1053	1197	1045
678	680	679
615	612	613
1235	1261	1093
1078	1221	1220
1049	1225	1083
1272	196	1271
280	250	283
1210	1200	77
1210	1056	1200
1068	1056	1210
1089	1231	1248
225	214	213
1217	1026	1170
1057	1383	1031
171	172	1228
1259	1181	1037
1259	1048	1192
1117	1259	1037
1179	1035	1208
1035	1212	1070
1027	1057	1201
1171	1027	1201
59	30	11
1324	1293	1051
1216	1202	1058
1074	1216	1058
594	599	597
1196	1172	1028
1409	1091	1090
1052	1196	1028
1185	1176	84
879	897	880
1178	1034	1232
1215	142	1214
1073	1215	1072
778	789	779
1045	1189	1281
667	665	663
1352	1350	1353
775	787	774
1139	1281	1138
1247	1246	1104
1028	1172	1233
1033	1111	1253
1028	1233	1091
342	347	343
1325	1355	25
1174	1173	1029
1019	1060	1430
1099	1133	1275
546	545	902
1130	1272	1129
1082	1115	1406
1257	1082	1224
1115	1082	1257
1045	1281	1139
84	1176	83
1031	1201	1057
1266	121	1265
1200	1056	1267
1055	1199	1046
1249	1068	1210
1279	1188	1044
1137	1279	1044
440	444	463
1181	1180	1036
1038	1213	1071
1209	180	1254
779	780	778
1269	1268	1126
1136	1116	1278
1278	1116	1258
1261	1119	1093
1234	1039	1183
1121	1263	1120
658	677	659
1061	1205	1049
901	895	883
95	1273	94
1149	1291	1148
573	579	580
1047	1194	1050
1233	1232	1090
1193	108	1225
1142	1284	1127
1095	1077	1237
1114	1256	1100
1243	1196	1052
1187	1186	1042
1101	1243	1052
1068	1381	1380
269	267	268
101	100	1224
724	767	723
1119	1261	1118
1137	1050	1279
1279	1050	1194
1051	1235	1093
1089	1248	1106
1227	1085	1286
1276	136	1275
566	567	597
1063	1266	1124
111	110	1236
636	610	637
1179	198	199
1268	179	1209
522	299	300
1163	207	1204
1212	199	200
1261	127	1260
148	1198	1220
153	148	1220
674	398	397
1165	1171	82
1216	204	205
1234	140	141
659	676	660
681	661	673
783	726	788
202	161	1187
123	1184	195
301	538	542
1191	119	1194
1184	1203	195
543	521	542
679	681	672
1234	141	1215
1215	141	142
1181	191	1180
102	101	1178
777	781	773
672	681	673
1176	1165	83
1290	194	1157
402	414	396
168	169	1262
1256	131	1242
1196	105	1172
157	158	1167
1167	158	1206
1158	157	1167
176	177	1284
1258	185	1278
411	1402	1401
676	673	660
154	1227	152
1287	150	151
115	114	1199
1230	115	1199
774	777	773
158	159	1206
1219	112	1237
118	117	1279
1161	166	1160
1183	139	140
1183	140	1234
784	777	787
1214	142	143
1242	131	132
159	160	1221
163	164	1226
1218	1240	74
124	1280	1281
1249	1210	78
187	188	1274
15	17	14
72	1289	71
676	677	675
1153	162	1166
113	112	1219
1260	127	128
457	449	1373
173	174	1151
1154	173	1151
173	1154	154
1272	96	196
782	709	780
75	1218	74
1267	1218	75
490	494	491
121	120	1265
183	184	1283
145	1281	1189
1177	183	1283
146	145	1189
1206	159	1221
781	777	778
1376	1146	1098
174	175	1155
1151	174	1155
437	451	447
1242	132	1282
1233	103	1232
841	845	842
1252	135	1276
1255	134	1252
1252	134	135
1232	102	1178
122	121	1266
939	940	924
1273	1164	94
94	1164	93
1211	201	1187
144	149	1239
1239	149	1238
1214	143	1152
1152	144	1239
1152	143	144
162	163	1166
69	1250	68
68	1250	197
1169	1250	69
161	1186	1187
859	822	857
1276	135	136
175	176	1285
1155	175	1285
103	102	1232
1292	193	1170
1170	203	1217
1170	193	203
1343	12	10
104	103	1233
425	427	424
1263	168	1262
1253	182	1177
188	189	1192
1154	1227	154
779	782	780
300	301	542
1260	128	1247
1247	128	129
1284	177	1269
228	227	230
1187	201	202
17	16	14
660	670	663
1331	229	1326
315	297	296
1236	110	1205
164	165	1162
1162	165	1161
1226	164	1162
170	171	1229
1156	170	1229
697	707	684
740	747	741
108	107	1225
1160	167	1263
1204	207	1065
1289	1270	71
71	1270	70
74	1240	73
777	784	778
1288	1289	72
192	193	1292
1213	1182	86
1180	192	1292
186	187	1277
1246	129	130
422	420	418
1279	117	1188
447	456	437
156	157	1158
1222	156	1158
1244	1173	90
503	499	501
1282	133	1255
92	1264	91
114	113	1190
120	119	1191
1157	194	1064
670	660	661
1291	1273	95
1356	1369	359
83	1165	82
1201	1175	80
1174	1159	88
88	1159	87
112	111	1237
1179	199	1212
395	414	405
359	355	358
119	118	1194
342	344	341
1243	106	1196
1223	155	1222
1286	151	152
601	605	607
178	179	1268
1269	178	1268
105	104	1172
1261	126	127
1274	188	1192
1202	206	1163
1163	206	207
109	108	1193
167	168	1263
375	376	360
1212	200	1211
469	466	298
1280	124	1195
1195	124	125
1270	1169	70
70	1169	69
1168	139	1183
789	778	784
1159	1213	87
87	1213	86
686	706	63
82	1171	81
1238	150	1287
1192	189	1259
189	190	1259
169	170	1156
1262	169	1156
1223	1228	155
679	672	396
1168	138	139
123	122	1207
1171	1201	81
1246	130	1256
821	820	947
413	416	415
1217	203	204
73	1288	72
165	166	1161
379	370	377
1264	1244	91
1166	163	1226
91	1244	90
1285	176	1284
311	310	313
314	1386	1387
110	109	1205
1362	350	353
1238	149	150
184	185	1258
1257	99	1231
85	1185	84
1182	1185	85
398	674	675
792	773	795
185	186	1278
588	585	574
458	455	457
477	505	478
147	146	1197
530	521	528
1235	125	126
1235	126	1261
291	279	290
77	1200	76
98	97	1248
190	191	1181
1259	190	1181
81	1201	80
1216	205	1202
1202	205	206
1178	101	1224
191	192	1180
1205	109	1193
1173	1174	89
585	592	575
1147	1375	1374
100	99	1257
1224	100	1257
50	1419	49
1419	1055	1046
1419	1420	1088
67	424	66
462	444	445
247	892	246
958	827	930
966	963	965
705	33	32
704	61	702
371	378	372
1400	1013	1066
972	998	971
570	573	580
803	554	553
971	252	253
424	65	66
972	975	986
59	61	60
984	975	976
998	972	994
1367	1369	1368
1390	1015	1030
549	562	583
64	43	65
42	55	66
63	62	43
973	985	974
684	707	685
43	42	65
1417	1418	1046
706	62	63
851	834	833
503	501	504
955	959	953
1040	1063	1427
238	239	909
362	378	371
885	828	900
935	933	932
830	829	890
20	19	21
426	425	431
427	400	401
973	1005	994
901	884	900
23	28	33
996	995	992
62	45	43
958	957	826
510	513	512
716	947	717
605	367	366
707	702	706
1058	1430	1074
980	254	979
39	40	52
229	1331	228
965	813	822
64	63	43
219	220	221
997	994	993
831	991	830
424	67	430
401	64	65
695	401	400
932	962	931
951	966	824
703	697	696
697	703	707
685	707	706
983	986	984
19	22	21
1005	993	994
252	971	998
23	24	28
545	908	902
31	705	32
255	288	256
673	676	674
870	869	872
779	645	782
702	62	706
50	49	54
49	55	54
975	984	986
1350	21	27
993	1005	1006
42	45	44
401	65	427
44	54	42
13	16	57
686	63	64
981	982	977
45	42	43
427	65	424
541	330	532
366	387	380
1408	1409	1090
956	930	929
346	1360	336
445	465	462
51	56	47
696	34	33
541	332	331
856	843	842
420	421	418
1088	1055	1419
11	58	59
275	276	277
967	970	969
979	977	976
793	712	713
21	1351	20
1420	1419	50
288	292	256
849	835	834
723	752	722
1100	1317	1319
884	885	900
500	499	503
906	907	911
692	694	693
995	997	993
246	892	893
609	612	616
694	401	695
1417	48	49
1077	1417	1046
705	704	703
1005	973	974
861	872	551
1352	1353	1136
705	703	696
1414	430	1415
429	425	424
45	61	41
685	686	692
23	33	34
254	255	979
60	704	31
986	983	985
688	692	693
973	972	986
412	402	403
722	752	757
33	705	696
1321	267	263
24	27	28
577	583	578
975	971	980
31	22	19
488	604	487
994	997	998
513	511	492
58	57	51
55	49	48
62	61	45
50	54	53
27	22	28
1306	276	1318
40	58	51
1073	1308	1310
1077	1095	1417
28	22	32
932	940	935
636	567	566
340	335	336
400	427	428
665	658	659
1307	1311	279
255	981	979
1315	1314	282
576	582	575
886	888	889
30	20	29
381	1301	382
703	702	707
58	11	13
232	37	234
41	61	59
685	706	686
985	973	986
594	602	595
56	51	57
877	888	878
951	964	966
46	47	1421
976	975	980
981	255	256
348	349	333
866	550	549
704	705	31
616	556	557
913	907	240
329	330	340
924	925	983
20	30	19
33	28	32
577	579	574
972	973	994
22	27	21
414	395	396
888	886	883
962	932	954
1349	1354	1141
253	278	254
61	62	702
448	450	452
486	518	487
876	873	874
653	666	668
679	396	395
589	544	545
403	423	404
20	1339	29
1084	1363	1368
1132	1347	1340
652	36	699
1297	1139	1138
866	840	865
338	340	339
1421	47	1422
287	278	253
1302	1023	1301
47	46	51
40	39	41
51	46	52
243	889	877
1003	1005	974
1385	1032	1386
545	591	589
265	240	239
1351	1135	1340
61	704	60
1308	1073	1072
979	976	980
1150	1337	1342
56	1423	47
303	333	341
860	846	847
404	423	1408
1425	1424	56
1130	1402	1403
47	1423	1422
1342	1338	1341
683	690	682
291	288	255
587	364	586
674	676	675
1093	1324	1051
614	553	617
418	431	419
354	306	356
25	23	26
434	436	435
540	303	332
1348	1350	27
1031	1383	1382
655	656	658
398	399	417
1358	339	336
405	413	406
446	458	1376
1006	1000	992
1367	1362	353
656	693	695
563	620	581
493	511	440
653	689	691
212	36	652
907	913	911
1294	1304	325
30	59	60
40	41	59
421	397	398
417	426	418
1338	1337	1431
992	995	993
1004	1003	927
666	665	668
1414	429	430
962	959	960
404	412	403
1297	374	373
832	826	825
847	851	848
411	408	410
458	457	1375
1407	1406	416
422	423	420
656	677	658
1003	1006	1005
677	657	675
1362	1367	1363
931	961	926
422	419	1411
418	421	417
1404	1106	1403
962	961	931
926	961	927
666	655	658
1406	1405	415
658	665	666
991	1002	830
420	402	421
372	378	377
961	962	960
1298	372	377
832	852	833
828	1001	930
925	985	983
519	523	520
423	403	420
889	888	877
426	427	425
963	964	968
968	964	970
879	878	882
421	398	417
656	657	677
1296	373	372
924	940	925
926	974	985
402	420	403
823	965	822
885	891	890
415	406	413
832	825	852
423	422	1409
1410	1411	1028
826	957	825
450	434	433
412	416	413
414	413	405
884	901	883
271	272	1319
900	898	901
929	999	928
931	926	925
957	955	952
849	850	835
930	956	958
1387	1386	1038
898	832	899
355	351	354
957	951	825
899	895	901
1118	1322	1321
996	248	249
646	788	647
361	375	360
399	428	417
991	831	996
416	1406	415
656	695	657
850	849	846
952	955	953
668	665	667
899	833	894
829	885	890
395	405	394
631	629	627
856	845	854
407	1404	1403
851	849	834
690	687	691
827	958	826
1002	999	1001
961	928	927
858	810	853
678	395	394
399	398	675
824	823	848
1002	1001	829
408	406	410
402	412	414
832	833	899
244	260	273
657	399	675
427	426	428
969	953	954
1415	1416	1094
877	912	242
393	409	392
505	506	507
1002	829	830
929	1001	999
273	270	245
426	417	428
893	890	891
1404	407	415
405	406	409
828	885	829
932	931	940
444	462	463
397	402	396
895	882	883
956	960	959
957	958	955
964	952	970
67	1416	1415
693	694	695
859	823	822
935	939	936
364	363	586
259	1315	282
970	952	953
678	679	395
859	847	848
886	887	891
693	656	655
999	1002	1000
1106	1130	1403
260	244	243
232	234	233
854	860	858
956	959	955
991	1000	1002
969	970	953
273	245	244
1365	1362	1366
1037	1036	1342
1006	1004	1000
960	929	928
365	364	587
974	927	1003
394	409	393
928	1004	927
691	687	688
431	1413	1412
1413	429	1414
967	968	970
313	314	1388
717	949	718
853	854	858
1358	1359	339
411	391	408
248	996	831
633	628	627
1030	1029	1390
898	899	901
687	692	688
1413	1083	1101
953	959	954
1410	1028	1091
666	654	655
1004	999	1000
974	926	927
928	961	960
419	1412	1411
1001	828	829
890	893	892
243	877	242
423	1409	1408
410	407	1403
887	886	889
849	851	847
848	851	852
895	897	882
415	1405	1404
719	718	938
1102	1392	1029
1143	1331	1011
241	912	913
1106	1404	1089
431	429	1413
1402	410	1403
579	578	580
825	951	824
892	830	890
399	400	428
936	941	937
1083	1414	1049
1078	1054	1299
895	899	894
827	828	930
570	580	569
537	518	519
430	67	1415
695	400	657
1123	1425	1124
835	896	834
1407	404	1408
852	851	833
708	782	644
891	885	884
991	996	992
259	283	258
252	284	287
790	799	791
718	790	717
680	640	662
1385	1384	1021
833	834	894
1299	1298	377
605	366	572
1314	1134	1133
284	252	251
394	638	678
855	856	853
699	698	700
539	533	543
518	526	519
391	411	390
699	701	652
701	651	652
1062	1079	1295
683	684	690
1337	1338	1342
464	461	460
291	290	288
486	525	518
483	482	503
500	481	507
878	879	910
271	1319	1317
213	214	229
1092	1073	1310
10	13	11
511	493	492
1349	1141	1116
879	905	910
476	475	498
616	557	608
572	588	571
1089	1404	1405
1115	1405	1406
55	48	66
283	259	282
15	1427	1426
524	526	527
1108	1371	1109
1109	1371	1370
524	490	491
599	600	565
471	472	466
963	814	965
579	577	578
36	35	699
1114	1320	1104
251	252	998
583	582	548
368	389	388
526	524	523
652	651	751
751	651	748
268	260	269
1126	1328	1329
1407	416	404
1412	1101	1052
490	524	527
232	1328	38
248	247	277
807	806	873
387	385	386
332	303	341
243	269	260
1320	261	1316
45	41	44
1347	1345	1339
347	1357	343
557	558	608
1335	218	219
1104	1320	1316
1354	1348	24
1110	1315	1306
1327	1330	1142
262	264	263
1330	1143	1142
227	1330	1327
623	613	612
446	1376	1377
496	517	509
16	17	18
370	1295	377
1410	1091	1409
1341	1338	14
684	687	690
713	714	794
296	466	472
556	616	615
10	12	13
990	977	978
538	539	543
648	649	653
722	721	987
314	310	309
1352	1351	1350
589	360	544
1351	21	1350
328	327	535
1300	1302	386
600	595	596
335	344	346
327	488	535
630	481	626
290	1310	289
905	911	910
997	251	998
488	603	604
385	1300	386
1347	1048	1346
1339	1345	29
1345	1347	1346
1341	1343	1344
628	631	627
628	608	631
505	476	498
1343	1341	12
270	246	245
567	598	597
887	245	893
225	223	214
367	387	366
1061	1414	1415
1353	1349	1116
583	577	582
647	788	725
647	648	668
648	653	668
1365	1364	347
1348	1354	1349
1353	1116	1136
620	623	621
1149	1396	1131
874	806	805
1140	1318	1317
296	1384	1385
1398	1397	1399
475	516	498
1392	316	1391
249	248	258
1347	1132	1048
393	638	394
1378	1379	464
594	593	604
603	368	601
654	688	655
347	334	1365
212	234	36
671	642	644
644	642	643
44	39	53
1097	1096	1335
260	268	261
295	294	8
388	385	387
588	572	587
1374	1128	1147
344	343	346
1079	1078	1299
832	898	826
1304	1086	1081
385	384	1303
449	452	1372
1135	1132	1340
373	1296	1297
631	558	559
976	990	984
1423	1424	1047
639	640	680
352	348	351
915	902	903
39	52	53
221	9	219
1045	1296	1298
606	571	570
585	588	586
335	346	336
360	238	544
1312	285	281
1430	1431	1074
1117	1344	1346
1344	1343	1346
388	384	385
538	543	542
546	591	545
622	623	612
1145	1144	1332
1347	1339	1340
550	551	624
997	250	251
639	680	678
544	238	909
1305	294	1309
1036	1150	1342
1336	1097	1335
286	1313	1307
1082	1406	1407
602	607	595
458	445	454
898	827	826
662	669	661
897	879	882
276	275	1318
839	916	914
1407	1034	1082
369	379	363
369	370	379
1040	1427	1428
532	539	541
862	866	865
229	214	1326
1431	1075	1074
1431	1026	1075
1413	1101	1412
48	67	66
1401	1402	1129
989	990	978
1322	1316	268
1325	1328	1067
872	871	552
1351	1339	20
385	1303	1300
343	1361	346
488	537	535
365	380	383
1012	1358	1360
922	720	942
1113	1306	1318
1038	1386	1041
389	326	325
326	337	325
325	337	338
539	540	541
501	502	504
1426	1425	18
266	241	262
669	641	642
671	669	642
441	493	440
1430	1429	1431
1042	1369	1356
1017	1364	1366
647	667	646
723	989	978
6	763	764
809	855	853
1018	1017	1366
291	255	254
1429	1060	1059
1087	1086	1359
598	567	568
545	544	908
908	544	909
525	526	518
799	797	791
1012	1087	1358
606	605	571
1411	1052	1028
621	622	611
1309	294	293
265	237	236
1113	1110	1306
12	1341	14
648	647	725
1039	1311	1307
1368	1009	1022
1047	1050	1423
1365	334	350
532	330	534
1080	1014	1300
643	708	644
1020	1131	1395
741	748	650
650	748	651
651	682	650
990	983	984
1355	1033	1354
264	262	265
1121	1120	1361
710	781	780
710	711	781
715	821	716
689	650	682
549	548	840
239	237	265
419	431	1412
831	247	248
856	854	853
600	569	564
967	816	815
1331	1326	1011
1326	223	1333
266	262	263
1112	1325	1067
465	446	1377
17	15	1426
389	327	326
1416	48	1417
1361	1360	346
1328	232	233
1054	1053	1298
948	820	819
7	8	221
1361	1120	1360
947	949	717
669	670	661
315	1386	314
286	285	1313
1024	1039	1307
349	352	353
581	620	564
456	455	454
476	505	477
721	722	757
245	246	893
388	389	384
489	527	525
789	783	788
856	855	843
281	284	280
214	223	1326
35	37	26
1086	1304	1294
1359	1294	338
489	525	485
978	982	724
815	814	968
943	819	818
9	1305	1336
1364	1016	1357
16	18	57
767	724	764
585	584	592
436	514	435
514	474	435
565	600	564
723	978	724
965	814	813
781	711	773
1333	1334	1085
258	248	277
267	1322	268
528	521	520
708	709	782
1383	472	471
1023	1302	1014
1338	1431	1428
481	482	626
500	482	481
406	407	410
234	37	36
780	709	710
795	711	712
1342	1341	1344
510	508	438
511	439	440
280	284	251
259	276	1306
641	662	640
1063	1426	1427
782	645	644
1353	1348	1349
333	350	334
809	808	855
284	281	285
1326	1333	1007
1295	1299	377
1308	293	289
1332	217	218
312	307	306
1146	1376	1375
447	448	455
457	455	449
649	741	650
6	7	221
863	875	876
264	1323	263
623	622	621
536	534	535
844	873	875
534	536	533
1304	384	325
361	371	375
579	573	574
647	668	667
912	878	910
592	576	575
635	633	627
267	266	263
843	875	864
367	368	388
1307	279	286
7	257	295
227	228	1330
798	719	720
1111	1325	1112
517	516	514
466	296	297
1107	1381	1068
625	618	624
1072	1309	1308
853	810	809
1418	1419	1046
46	1420	50
1320	1114	1319
316	1390	1391
1421	1420	46
432	453	433
1139	1296	1045
345	335	331
219	9	1336
452	453	1371
808	844	855
857	858	860
1032	1041	1386
904	903	906
569	581	564
581	569	580
1312	1313	285
11	30	29
1370	453	432
1354	25	1355
440	463	441
445	458	446
515	517	514
649	689	653
366	365	572
1373	1128	1374
1026	1337	1150
596	570	569
38	26	37
26	38	25
439	444	440
1312	1314	1133
1010	1333	1085
612	615	616
1421	1088	1420
794	790	793
790	791	793
1060	1429	1430
495	494	502
804	871	869
1388	314	1387
480	481	630
1387	1038	1388
1364	1365	1366
41	39	44
874	869	870
580	578	581
372	1298	1296
223	216	1334
280	251	250
286	279	278
490	489	502
1424	1423	56
1393	307	1392
1103	1394	1122
1394	1393	1122
1429	1059	1428
633	632	637
1394	307	1393
361	590	362
906	909	907
1093	1119	1323
1037	1342	1344
515	436	437
489	490	527
1131	1396	1395
909	906	908
602	601	607
18	1425	56
1395	356	1394
386	1302	381
595	600	599
537	519	536
247	831	892
1393	1102	1122
356	307	1394
596	569	600
496	501	499
1330	1331	1143
504	489	484
1379	1056	1380
870	861	862
562	624	563
366	380	365
822	812	857
383	381	382
525	527	526
624	618	563
1350	1348	1353
763	6	5
567	632	568
1114	1100	1319
593	486	487
1424	1425	1123
554	555	617
1123	1047	1424
487	604	593
595	607	596
591	576	592
626	629	630
1369	1042	1009
578	563	581
317	313	1389
1380	461	464
551	872	552
1390	317	1389
618	625	619
857	811	858
859	857	860
1402	1130	1129
813	812	822
1312	1099	1313
489	504	502
990	976	977
857	812	811
866	861	550
817	934	945
716	821	947
345	344	335
239	907	909
565	611	566
1110	1134	1315
1134	1314	1315
53	46	50
1092	1311	1039
1051	1293	1138
793	713	794
1363	1367	1368
1421	1422	1137
283	249	258
384	1304	1303
237	239	238
1400	1398	1399
1394	1103	1020
280	283	282
436	515	514
7	982	257
945	818	817
584	590	592
360	376	238
1324	1323	264
369	382	370
1099	1024	1313
1415	1094	1061
465	1378	464
920	921	904
1093	1323	1324
719	798	799
1138	1293	1297
562	578	583
799	718	719
751	212	652
365	383	364
1053	1045	1298
1027	1384	1383
598	485	486
239	240	907
1105	1316	1322
1426	1063	1124
620	621	564
547	916	548
1351	1352	1135
1397	1148	1399
721	922	987
1363	1084	1018
497	498	516
383	382	369
461	1380	1381
1389	1388	1071
611	636	566
689	690	691
968	814	963
5	6	220
1069	1400	1070
539	538	540
803	871	804
995	249	250
536	520	533
875	863	864
1014	1302	1300
272	273	261
1148	1013	1399
494	495	512
608	609	616
352	355	357
267	1321	1322
220	6	221
617	553	554
15	1338	1428
1335	1096	1332
596	606	570
1062	1295	1301
389	368	327
1067	1328	1126
364	383	369
307	312	316
827	900	828
917	546	902
645	779	646
646	664	645
622	610	611
1102	1393	1392
537	536	535
1086	1294	1359
507	480	478
597	593	594
361	360	589
874	805	869
869	805	804
513	494	512
1070	1400	1035
1333	223	1334
1359	338	339
716	714	715
908	906	903
498	506	505
315	296	1385
465	464	462
1334	216	1332
23	25	24
531	528	529
336	1360	1358
1425	1426	1124
608	628	609
524	529	523
594	604	602
620	618	623
613	614	617
1310	1311	1092
724	7	764
1119	1321	1323
1327	1142	1127
1373	449	1372
1338	15	14
1137	1422	1050
1396	1149	1397
1431	1429	1428
387	386	380
1373	1025	1128
1321	1119	1118
1345	1343	10
14	16	13
1361	1357	1121
548	582	547
1297	1293	236
501	495	502
274	270	271
549	840	866
628	633	637
7	295	8
534	328	535
12	14	13
1354	1033	1141
666	653	654
632	636	637
352	349	348
1400	1066	1035
1301	1295	370
380	386	381
1121	1357	1016
1325	1111	1355
559	629	631
269	243	242
1314	281	282
1366	1362	1363
272	261	1320
1076	1378	1377
517	497	516
878	912	877
333	342	341
67	48	1416
1318	275	1317
590	589	591
1294	325	338
1096	1145	1332
313	1388	1389
1386	315	1385
451	434	450
1069	1043	1398
648	725	745
1043	1356	1398
237	376	236
284	285	287
844	808	807
609	622	612
379	378	363
1293	1324	236
1043	1042	1356
289	1310	1308
584	585	586
328	534	329
499	497	496
285	286	287
872	869	871
552	614	625
484	489	485
367	388	387
615	555	556
1428	1427	15
534	330	329
911	904	906
1303	1304	1081
576	591	546
977	982	978
725	744	745
922	721	720
609	628	637
501	496	495
966	964	963
1044	1421	1137
590	591	592
328	326	327
355	352	351
582	577	575
523	528	520
1372	1025	1373
7	6	764
218	220	219
1016	1364	1017
560	629	559
1080	1303	1081
487	537	488
602	603	601
1392	1391	1029
605	601	367
820	948	947
1377	1376	1098
598	568	485
1135	1352	1136
1317	1100	1140
845	856	842
328	329	337
876	874	870
483	504	484
504	483	503
484	634	483
630	561	480
480	561	479
1356	359	1398
1303	1080	1300
613	619	614
598	486	593
617	555	615
605	572	571
629	560	630
240	265	262
485	525	486
348	304	351
274	275	277
453	450	433
503	482	500
483	634	635
281	280	282
1357	1361	343
988	983	990
1009	1368	1369
779	789	646
910	913	912
374	1297	236
447	455	456
724	982	7
384	389	325
1140	1113	1318
634	633	635
790	794	717
717	794	716
1297	1296	1139
619	613	623
920	904	905
1397	359	1396
452	450	453
989	988	990
604	603	602
626	635	627
258	276	259
539	532	533
654	653	691
541	540	332
1422	1423	1050
294	1305	9
514	516	474
474	516	475
358	356	1395
